20
4 4 3
0 1 1 1
1 0 1 1
1 1 0 1
1 1 1 0
1 5 2
1 1 1 1 1
2 3 3
0 0 0
0 0 0
3 3 3
1 1 1
1 0 1
1 1 1
1 1 2
0
2 2 2
1 0
0 1
4 3 3
1 1 0
0 1 0
1 0 1
0 1 1
4 1 2
0
0
0
0
4 4 3
1 1 1 1
1 1 0 0
1 1 0 0
1 0 0 0
4 4 2
1 0 0 1
0 1 1 0
0 1 1 0
1 0 0 1
10 8 2
0 1 0 1 0 0 1 0
0 0 1 0 1 1 0 1
1 0 1 1 0 1 0 1
1 1 0 1 1 1 0 0
0 1 0 1 1 1 0 1
0 0 0 1 0 1 0 1
1 0 1 0 0 0 1 0
1 1 0 0 1 0 1 1
0 1 0 1 1 1 1 0
1 1 0 1 0 0 0 1
1 9 3
1 0 0 0 0 0 1 0 0
3 3 5
1 1 0
0 0 0
0 0 1
10 8 5
0 0 1 1 1 0 1 0
1 0 0 0 1 0 0 0
1 1 0 0 0 0 1 0
1 0 0 0 0 1 1 1
1 0 1 0 1 0 1 1
1 1 0 0 1 0 0 1
0 0 1 1 0 0 0 0
1 1 1 1 1 0 0 0
1 1 0 1 1 1 0 1
1 1 1 0 1 1 0 0
7 5 4
0 1 1 0 1
1 1 0 0 0
1 0 0 0 1
1 1 1 0 0
0 1 1 0 1
0 0 1 1 0
0 1 1 1 0
2 1 3
0
0
2 8 4
0 1 1 1 1 1 0 0
0 1 0 0 1 1 0 0
6 8 2
0 0 1 1 1 1 1 0
0 0 0 1 0 1 1 1
1 0 1 1 1 0 1 0
0 0 0 0 1 1 0 1
1 1 0 0 1 0 0 1
1 0 1 1 0 0 0 0
2 10 2
1 1 1 0 1 0 1 1 0 0
0 0 0 0 0 1 1 1 1 1
12 9 3
1 1 1 1 1 1 1 1 1
1 1 1 1 1 1 1 1 1
1 1 1 1 1 1 1 1 1
1 1 1 1 1 1 1 1 1
1 1 1 1 1 1 1 1 1
1 1 1 1 1 1 1 1 1
1 1 1 1 1 1 1 1 1
1 1 1 1 1 1 1 1 1
1 1 1 1 1 1 1 1 1
1 1 1 1 1 1 1 1 1
1 1 1 1 1 1 1 1 1
1 1 1 1 1 1 1 1 1