23
10
6 1 5 2
3 10 4 5
0 10 5 2
2 4 2 4
5 10 4 2
7 5 4 2
2 0 2 3
1 3 2 1
1 10 2 2
5 7 2 4
4
0 0 1 3
0 2 4 1
3 0 1 4
3 0 2 1
2
0 0 1 1
1 1 1 1
4
18 12 5 1
3 19 2 2
17 8 3 4
3 19 3 4
1
15 12 5 2
3
11 2 1 5
1 1 2 3
6 11 5 1
4
8 5 2 2
9 2 1 1
4 0 3 1
16 5 4 5
2
14 8 2 5
17 7 4 4
2
3 8 5 1
17 18 3 4
3
4 4 4 4
2 20 2 5
5 15 2 1
5
19 6 5 5
8 6 3 2
2 5 4 1
19 16 5 4
5 5 3 5
2
7 10 1 2
4 7 5 4
5
12 10 1 1
16 11 4 4
5 2 4 1
15 15 1 2
12 3 2 4
3
28 38 8 1
14 54 2 6
45 73 4 6
10
35 69 5 6
22 49 7 1
24 17 5 2
55 91 1 7
14 40 9 4
54 33 10 6
70 73 2 1
84 22 5 2
62 91 1 6
73 43 4 9
3
34 75 10 4
86 90 7 8
22 90 7 3
4
52 68 10 9
2 8 5 10
78 89 7 9
47 100 10 8
7
9 29 3 6
9 14 4 5
1 51 4 10
26 53 1 7
94 85 5 3
21 41 1 9
52 80 4 5
3
23 34 6 8
83 8 5 3
23 75 9 5
6
16 57 1 4
93 56 3 8
43 31 9 6
34 72 7 6
92 44 9 3
65 90 3 9
4
61 17 6 6
42 73 2 9
98 0 8 1
20 100 8 2
9
90 49 2 6
8 29 7 4
62 51 8 5
9 41 1 4
37 77 6 9
99 73 7 8
46 49 6 6
43 35 4 6
64 56 8 4
1
23 80 7 7