32
8
[[[[]]]]
6
[][[]]
32
[[[[][[[]]]][][][[]]]][[[[][]]]]
18
[[[[[]]]][[[]]]][]
16
[[[[[]][[]]]][]]
10
[][][][][]
8
[[]][[]]
2
[]
10
[[[[[]]]]]
24
[[[[][]][][[]]][][]][][]
36
[[[[]][[[[]]][]][]][[[]][[]]][][][]]
4
[[]]
24
[[[[]][]][[][]][]][][[]]
24
[[[[]][[[[][]][]]]]][[]]
6
[[]][]
6
[[[]]]
22
[[[]]][[[[[]]][]][]][]
34
[[[[][]][]][]][[[[[]][]]][[]]][][]
30
[[][]][[][[]]][[[]]][[]][][][]
30
[][[[[[]][[][]][]][][]][][]][]
10
[[[[[]]]]]
38
[[]][[[[[[[]][[]][]][]]][[]][[[]]]]][]
34
[[[[]][[]]][[[[[][]][[]]]]]][[]][]
8
[[[[]]]]
18
[[[][[[]][]]][]][]
12
[[[[[[]]]]]]
28
[[[[][[[]]]][[]][]][]][][[]]
26
[[]][[[[[[[]]][[]]][]][]]]
38
[[[[][[]]][[[]][]]][[]][][]][[[[[]]]]]
28
[[[[[[[[]]][]]]][[[]]]][]][]
38
[[[[]][]][]][][[[]]][[[][]][[]]][][[]]
28
[[[[[[[]][[]]][]][]][]][]][]